1	  
5	  
7	  
9	  
11	  
13	  
17	  
18	  
19	  
20	  
21	  
22	  
23	  
25	  
37	  
39	  
42	  
43	  
49	  
50	  
53	  
67	  
68	  
69	  
70	  
71	  
79	  
80	  
81	  
82	  
88	  
101	  
102	  
105	  
107	  
109	  
110	  
111	  
113	  
115	  
117	  
119	  
123	  
137	  
138	  
139	  
143	  
161	  
162	  
177	  
179	  
194	  
199	  
201	  
209	  
210	  
213	  
220	  
369	  
370	  
389	  
427	  
443	  
444	  
445	  
464	  
500	  
512	  
512	  
513	  
513	  
514	  
514	  
515	  
517	  
518	  
520	  
520	  
521	  
525	  
530	  
531	  
532	  
533	  
540	  
543	  
544	  
546	  
547	  
548	  
554	  
556	  
563	  
587	  
631	  
631	  
636	  
674	  
694	  
749	  
750	  
873	  
992	  
993	  
995	  
1080  
1433  
1434  
1494  
1512  
1524  
1701
1719
1720
1812
1813
1985
2008
2010
2049
2102
2103
2104
2401
2809
3306
4321
5999
6000
11371
13720
13721
13724
13782
13783
22273
23399
25565
26000
27017
